M = 6325
variance: 
[18.  1. 44.  2.  0.  6. 55. 11.  5.]
[18.  1. 44.  2.  0.  6. 53. 12.  6.]
[17.  1. 39.  2.  1.  7. 46. 16.  5.]
min = 0
max = 55


mean: 
[172.  -8.  14.  -2. -94. 168. -25. -69.  14.]
[ 170.   -7.   11.   -3. -105.  177.  -17.  -88.   12.]
[ 170.   -7.    6.   -5. -114.  186.   -2. -108.    9.]
min = -114
max = 186


[[ 180.06701233   -7.77612131    2.0890957    -2.9136227   -93.53298576
   167.97501343  -11.10309737  -67.01787663   15.13780113]
 [ 177.64387267   -6.29931168   -0.20302959   -3.75353479 -104.28814567
   176.40934583   -3.26328404  -86.73797819   13.30401422]
 [ 177.20109946   -6.74460167   -4.48341075   -5.4765567  -112.36735001
   184.21006759   10.40948865 -106.52877458   10.15266534]]
[[ 175.08618793   -9.03282612   10.58113158    1.5491579   -93.52843985
   172.55296692  -22.24943245  -74.60374111   14.09490404]
 [ 172.86423993   -7.70453213    8.16823964    0.78030673 -104.73257879
   181.63129986  -14.43657627  -94.33670841   12.45449917]
 [ 172.61433158   -8.56834757    3.73594475   -1.0856196  -113.18856819
   190.95755236   -0.28622875 -113.52536549    9.4575868 ]]
[[ 174.86600925   -7.74956858   11.40728086   -2.79136795  -91.97894505
   170.34984273  -20.0975042   -65.99440814   12.5478408 ]
 [ 172.62085645   -6.27214204    8.96971118   -4.05542683 -102.88692064
   179.11202689  -11.86245206  -84.69235171   10.81702205]
 [ 173.13725285   -6.80021606    3.11662683   -6.19979309 -111.15403389
   187.71749787    4.00714398 -103.08453517    7.67947429]]
[[ 163.84306247   -7.83255459   27.56684257   -1.36204891  -94.48855009
   169.32312834  -39.16141171  -70.22030978   11.5951628 ]
 [ 161.83150719   -6.64153097   24.53159634   -2.03630991 -105.68802095
   178.55234461  -30.06296573  -89.73489224    9.63150112]
 [ 162.43270269   -7.05570256   18.42551483   -3.2957572  -114.42871719
   186.83604952  -14.09151351 -110.37305949    6.26921456]]
[[ 174.51473969   -7.16502796   12.52215482   -4.46392464  -93.76928389
   167.01895781  -23.35978279  -62.68225761   14.05027571]
 [ 173.12117598   -5.78671731    8.67152208   -5.38817083 -105.28841316
   175.99542395  -13.91718562  -81.87870717   12.25719249]
 [ 173.69299604   -5.96775561    2.70594542   -7.24738818 -114.06060368
   183.96645674    1.55200037 -100.75837622    8.63931265]]
[[ 174.4527716    -6.54400007   11.34125234   -1.11159538  -92.86069523
   165.53332507  -19.99154023  -70.68377652   13.15967915]
 [ 171.90741856   -5.0558121     9.33078336   -1.96312283 -104.1320142
   173.90740761  -12.25498292  -90.4049406    11.65305685]
 [ 171.57086927   -5.60937644    4.70812343   -3.52607934 -112.91754669
   182.54087865    2.05885167 -110.49199092    8.54031283]]
[[ 170.66194352   -9.23541656   18.32974151   -2.76503554  -93.61856245
   169.10913717  -28.95027182  -65.2879771    19.60519605]
 [ 167.94196367   -8.11044695   16.55762975   -3.54189888 -104.68032364
   178.24538771  -21.40864526  -84.68759284   18.07366359]
 [ 167.36431442   -8.73574147   12.35877884   -5.37696724 -113.20204309
   186.82763838   -7.29269697 -103.70654524   14.98423884]]
[[ 172.44295687   -8.84554289   14.51608201   -1.05845827  -91.15724584
   171.91989033  -25.64028645  -70.85953761   13.25431961]
 [ 170.32032584   -7.50341388   11.74280223   -1.74840187 -102.75272477
   180.71851901  -17.25342462  -90.83865302   12.00995751]
 [ 170.38472716   -8.04399751    6.43905406   -3.33423181 -111.42607986
   188.88721782   -2.4701778  -110.83253598    9.4464292 ]]
[[ 167.77153095   -7.62892617   22.31960936   -1.25225162  -94.09141366
   167.58356389  -34.33755281  -70.65900474   16.10783862]
 [ 165.22332181   -6.87142597   20.05632475   -2.50308974 -105.74633147
   177.41239434  -26.15830399  -89.35721481   14.52876144]
 [ 166.32285163   -7.55129207   13.01022248   -4.15700769 -114.85894392
   186.43105743   -9.2486131  -109.05265322   11.15600006]]
[[ 174.17542185   -5.12204248   13.34513127   -2.32384228  -93.11789943
   164.23892611  -24.00625868  -66.20409694   11.05478906]
 [ 173.1430322    -3.57129257    8.97195073   -3.49215643 -104.28886276
   173.03773645  -14.00682051  -85.36634397    8.91733255]
 [ 174.25794922   -4.28915533    2.30625015   -5.89232823 -112.84153509
   182.08499463    2.32867908 -103.48800005    6.05389841]]


