M = 200
variance: 
[ 567.  101. 1392.   92.   23.  471. 1605.  270.   48.]
[ 706.  108. 1714.  117.   28.  482. 1902.  354.   56.]
[ 882.  117. 2126.  136.   36.  503. 2373.  425.   66.]
min = 23
max = 2373


mean: 
[173. -15.  14. -11. -99. 178. -23. -51.  16.]
[ 171.  -13.   10.  -13. -110.  187.  -13.  -67.   15.]
[ 172.  -14.    3.  -14. -118.  196.    5.  -86.   12.]
min = -118
max = 196


[[ 176.50658406  -10.97221015   11.90318626   -4.99862488  -97.62712996
   167.20202456  -31.18869999  -58.57499199   10.85095413]
 [ 181.41078762   -6.83002026   -2.20989172   -5.28083877 -111.15072633
   171.71172157  -11.73047775  -80.15954656    9.89761952]
 [ 186.98548468   -3.44348571  -17.01565131   -4.50262761 -121.4009172
   173.95063874   11.727595   -105.88303587    6.97486539]]
[[ 165.48562531   -8.63639949   27.21469429  -14.54866288  -90.41657885
   167.46226102  -39.98166291  -43.7236675     8.71639052]
 [ 164.72576549   -5.23698986   22.12267191  -17.31660661 -102.1949287
   172.09985706  -28.26095768  -58.8028652     7.55608813]
 [ 168.95680038   -5.05727174   10.12708347  -21.42857894 -109.93325092
   179.44230255   -6.16994043  -73.57228703    4.14057193]]
[[ 1.82947787e+02 -1.98722840e+01  1.71622409e-01  8.61276532e+00
  -1.01565079e+02  1.95582370e+02 -2.16456300e+01 -8.02117685e+01
   2.39598982e+01]
 [ 1.80147122e+02 -1.94567974e+01 -1.28788761e+00  6.25540059e+00
  -1.12339276e+02  2.06618321e+02 -1.47959228e+01 -9.53800087e+01
   2.26116886e+01]
 [ 1.80499097e+02 -1.90753637e+01 -7.15228526e+00  4.19535450e+00
  -1.19069539e+02  2.14261623e+02  2.72674311e+00 -1.11529795e+02
   2.29127848e+01]]
[[ 178.82165874  -20.68412937    2.62673804  -16.49765107  -92.27845538
   193.76843343   -5.63068144  -30.14512458   26.31651963]
 [ 179.75067307  -18.88594275   -4.85115926  -19.82968012 -102.27159607
   201.67843952    8.69797842  -43.9723882    25.98671428]
 [ 173.03648652  -22.6829726     0.97841275  -21.55201012 -108.73358235
   215.53446829   12.52747405  -62.58871223   25.81850643]]
[[ 203.45680001    7.57740188  -28.8362968     5.99327029  -96.29430862
   133.51175346   27.52178584  -78.03290303   11.0230274 ]
 [ 203.7272645     8.05275155  -36.12421175    7.34198827 -106.80662122
   145.28167406   41.64211082 -100.93501523    7.46681435]
 [ 211.49001091    5.27979318  -53.93971427    6.97230517 -114.27105987
   158.77423807   70.70268279 -122.62402199    3.28674425]]
[[ 146.32689966  -14.34789484   52.22310774  -16.99132606  -97.24088994
   175.29510306  -54.09684445  -50.7990058    24.8239819 ]
 [ 139.58534504  -14.52462639   56.10146744  -19.14881432 -109.95148429
   187.19292442  -48.85893995  -66.92005741   23.41053612]
 [ 137.59076031  -18.74202888   53.35080749  -19.24822689 -117.62837452
   203.15894889  -33.50366422  -87.43443016   17.78466001]]
[[ 117.60821785  -18.4865279   102.6310566   -16.14925837 -104.46100849
   178.23028624 -115.5193132   -35.14776183   13.01300604]
 [ 108.64957598  -18.21470916  109.97992327  -17.72957895 -116.66356799
   188.92651532 -116.33732266  -52.79202234   11.25950532]
 [ 103.10743266  -17.02273176  113.11489954  -20.05742246 -124.42748277
   193.37376012 -110.82542629  -70.93418694    7.90421581]]
[[ 177.24616157  -11.50908631    6.49733129  -17.30386042 -106.09542419
   172.10736199   -9.88229235  -37.85177253   16.6824145 ]
 [ 174.00813386  -10.36653185    4.94961251  -21.6537644  -118.83367621
   181.44971474   -0.40645359  -48.7716116    16.52521165]
 [ 177.58936589  -11.57366917   -6.67497753  -24.70493524 -126.57428173
   190.45895873   25.13802922  -62.22656429   16.31078327]]
[[ 198.16334156  -33.80656708  -30.32876497  -19.49448985  -99.92626331
   221.61397088   31.43709142  -38.80167883    8.56891375]
 [ 196.54392487  -33.46489586  -33.73804876  -24.2165464  -112.89061361
   231.63018847   41.34973356  -50.34583854    5.90089031]
 [ 200.81944212  -35.08638304  -45.77470143  -27.9560559  -124.45491046
   241.71658945   65.39492921  -67.2107244     3.7726564 ]]
[[ 183.49858653  -10.96589429   -2.06294571   -8.67633687  -94.33659716
   180.20327862   -9.68963209  -52.71684632   24.83579476]
 [ 183.36991048   -8.84367107   -7.88648814   -9.62737597 -105.96089006
   188.20862571    3.12058051  -70.20941079   24.24074306]
 [ 184.82393758   -8.76506474  -15.20069097   -9.86308493 -112.29856089
   196.08734767   20.53352226  -90.41112052   20.30148337]]


