M = 1000
variance: 
[151.  29. 375.  25.  14.  89. 445.  82.  27.]
[136.  33. 324.  30.  14. 106. 383. 105.  29.]
[132.  33. 299.  34.  15. 116. 348. 117.  31.]
min = 14
max = 445


mean: 
[178. -10.   5.  -3. -94. 172. -17. -69.  12.]
[ 176.   -8.    2.   -4. -105.  180.   -9.  -88.   11.]
[ 176.   -8.   -3.   -6. -114.  188.    6. -107.    8.]
min = -114
max = 188


[[ 196.71540301  -14.8535568   -26.17778496   -3.07164573  -94.7506258
   183.75232826   20.40679677  -67.58098656    0.79439456]
 [ 191.72106633  -14.04990373  -23.88869954   -4.65614584 -105.44243243
   194.10405035   23.04191544  -85.70299147   -0.74562694]
 [ 190.41147558  -13.90330962  -26.10025015   -7.13151715 -114.99316193
   201.96969784   33.69794153 -103.31154891   -3.5079548 ]]
[[ 161.4072356   -10.00443492   32.87285511    8.41962986  -99.80769004
   178.20169503  -48.66654655  -85.95534779   12.98103194]
 [ 161.29333675   -7.91878729   26.98788466    8.52374391 -111.30076911
   185.94557574  -37.17432048 -106.90174787   11.12211198]
 [ 160.24680996   -9.00872251   23.3276984     8.16789982 -119.56777732
   195.76038463  -23.02338885 -128.75037369    8.29949401]]
[[ 1.80583140e+02  2.76261327e-01  1.56597712e-01 -2.21765659e-01
  -9.38014648e+01  1.56316951e+02 -1.32496888e+01 -7.61673031e+01
   9.64576810e+00]
 [ 1.76155249e+02  2.83043807e+00  1.35581409e+00 -1.22336328e+00
  -1.03920895e+02  1.62402892e+02 -9.82334951e+00 -9.67712835e+01
   8.35134213e+00]
 [ 1.73153255e+02  2.99313822e+00  1.63336255e+00 -2.96990718e+00
  -1.11109568e+02  1.68331674e+02 -1.78762258e+00 -1.17495535e+02
   6.38315714e+00]]
[[ 1.83368843e+02 -1.13759845e+01 -1.76425690e-01 -5.26829900e+00
  -9.64145933e+01  1.73694832e+02 -1.28173215e+01 -6.31538491e+01
   1.71668016e+01]
 [ 1.83274803e+02 -1.00026492e+01 -6.13791271e+00 -7.44134731e+00
  -1.08843985e+02  1.82109650e+02 -7.74472150e-01 -8.03552563e+01
   1.59455035e+01]
 [ 1.85332772e+02 -1.02026648e+01 -1.44544112e+01 -9.60674915e+00
  -1.18001869e+02  1.90249060e+02  1.69129337e+01 -9.95686255e+01
   1.38366771e+01]]
[[ 1.69544984e+02 -1.98974613e+00  2.14951908e+01 -5.82961140e-01
  -8.79804855e+01  1.62326470e+02 -3.10729995e+01 -7.19484898e+01
   9.93899478e+00]
 [ 1.71531576e+02 -8.07776201e-01  1.26502993e+01 -2.58257897e+00
  -1.00664117e+02  1.71647254e+02 -1.66560958e+01 -8.89159749e+01
   8.40494110e+00]
 [ 1.76411481e+02 -1.96009144e+00 -5.42554988e-02 -4.99656988e+00
  -1.09378950e+02  1.81734757e+02  5.88792867e+00 -1.06250341e+02
   3.59174622e+00]]
[[ 188.96724099  -10.48604994   -9.54592167   -7.64339824  -88.92662033
   178.09921836   -6.90098168  -55.34551576    9.52437568]
 [ 188.39710875   -9.13403524  -14.43618303   -9.25130964 -100.14285462
   187.52013867    3.69188408  -73.13363492    8.24219034]
 [ 188.1887606    -9.49074146  -19.32327562  -10.34686792 -108.55837164
   195.80599553   18.1893366   -93.24213784    6.66951639]]
[[ 179.50881141  -16.44157275    2.41661826  -10.10548634  -91.33262555
   181.66346394   -7.74730519  -54.78094381   14.75352083]
 [ 177.44490103  -15.385683     -0.37754851  -12.44684119 -102.65406824
   191.10666284    1.1732878   -71.14294058   13.76490556]
 [ 177.39324197  -15.86941127   -5.42279313  -14.38947733 -112.03941788
   199.08416489   15.82167134  -90.31236187   12.46145634]]
[[ 153.89736638  -11.16270984   41.14852811   -6.37814711  -89.51466725
   177.32902318  -53.76991209  -64.54458811   14.6414303 ]
 [ 151.33513968  -10.12584254   38.94692311   -6.77860498 -101.17130339
   185.76248789  -46.10864126  -85.52735903   12.97256622]
 [ 152.19777579  -10.55224412   32.14286885   -8.26291951 -110.96211255
   193.19263406  -29.48118698 -106.10030469    9.02586413]]
[[ 182.53463146  -11.80300846   -1.21116729   -2.06782258  -90.71356651
   173.86595622  -10.99926394  -69.77672139   20.90092881]
 [ 179.69116108  -10.0965114    -2.54023195   -3.59590138 -102.31192891
   181.6398861    -4.673152    -88.34974216   20.91309712]
 [ 178.01707239  -10.40948438   -4.91044265   -5.99528757 -110.83395743
   189.14194036    7.05237942 -106.49016435   18.38868813]]
[[ 1.85577738e+02 -2.17530354e+00 -6.12371629e+00  1.77065880e+00
  -9.75386935e+01  1.57368433e+02 -1.26841159e+00 -7.52306097e+01
   1.52205706e+01]
 [ 1.83436167e+02 -1.07063000e-01 -8.50108762e+00  8.97963533e-01
  -1.09092300e+02  1.64585490e+02  6.23539804e+00 -9.54003918e+01
   1.25373328e+01]
 [ 1.83423240e+02  5.50354949e-02 -1.29394617e+01 -1.08841189e+00
  -1.19189410e+02  1.71585018e+02  1.96792040e+01 -1.14394910e+02
   8.99050279e+00]]


