M = 10
variance: 
[2557138.  378491. 5959727.  463089.  450194. 1324441. 4197978. 2179523.
  458696.]
[3866896.  512196. 9045264.  613840.  571006. 1807650. 6311237. 3047144.
  550371.]
[2042063.  527479. 4792385.  437637.  687414. 1773531. 3393233. 1951848.
  538143.]
min = 378491
max = 9045264


mean: 
[ -843.  -339.  1381.    82.  -132.   717. -1196.  -441.   363.]
[-1048.  -347.  1752.   158.  -175.   756. -1557.  -614.   399.]
[ -954.  -389.  1503.    99.  -120.   846. -1244.  -488.   474.]
min = -1557
max = 1752


[[ -969.10118317  -768.68956207  1579.53764551    55.98790301
    277.40018014  1162.64587681 -1466.06710877  -151.51556141
    750.75585684]
 [ -943.81647524  -652.98110189  1681.57068438   268.31825639
    492.44698172  1117.76476117 -1698.2667295   -436.30839061
    639.77276044]
 [-1599.79166503 -1302.7849943   2353.887972      -4.65359923
    202.64495006  1869.21850659 -1931.50223962  -199.93583434
   1029.50404875]]
[[-1370.32167686   331.86487369  2108.96008857  -115.0105789
     55.86108125  -310.75940457 -1799.52172809   -42.45952434
    640.73472396]
 [-1273.86603479    33.17984779  2105.01760916  -114.26099982
     27.78802024   119.52241358 -1988.6600664    -50.91487099
    458.25758002]
 [ -881.81481591   264.96754371  1403.65689698  -122.85797576
      9.05696366  -206.5586536  -1218.60024293   -30.18050441
    418.40776946]]
[[-743.49206153   15.89213831  929.99106875 -866.24733069  435.95881533
   176.1411272  -526.88355456 1037.26535652 -494.96020675]
 [-676.10387445  -27.31611688  867.65198188 -793.92922306  522.87751791
   269.82307287 -492.3183289   890.84929192 -447.50878986]
 [-645.19102601  -24.13204537  830.86751903 -771.77224079  259.20395754
   255.77328538 -486.68546636  873.7463325  -410.52595753]]
[[   -6.87198948  -638.6324022    -57.95129832   283.35154179
    824.11588865  1504.28101532   132.95961008  -497.63629521
    868.63219461]
 [  193.95777055  -518.19204106  -296.2547217    219.40814952
    560.71217572  1248.76630761   307.87832138  -456.37049528
    653.47530279]
 [ -363.49952173 -1167.40736463   308.05501635   598.37479872
   1705.05826026  2777.21637664   -61.99544684  -954.5509026
   1688.66465965]]
[[  32.13010984   10.17649982   94.57291981  -20.66031401 -215.24023026
    51.03078586 -235.88288826  -87.42661874  -38.30479137]
 [  46.75868642    0.37525803  109.25879451  -17.3470541  -185.24098588
    58.7887779  -280.65496879 -113.27540068  -44.99109752]
 [ -28.64363518   49.35198362  188.33857723  -27.62204918 -165.1152982
   -15.08011252 -316.45855648  -80.53065759   94.20037356]]
[[ -230.42183471     6.51375135   651.43931801   -28.72652882
     46.37980207   -73.96345814  -963.12396825    18.56071234
   -231.95279511]
 [ -366.99241494    65.65024247   895.83207659   -42.56989931
     77.21463169  -144.94112155 -1233.04525863    47.07440986
   -123.43251753]
 [ -152.90806223   -25.91844961   499.82060208   -30.63032802
    -56.64055814    28.74346097  -770.31102581    12.80508157
   -264.25406968]]
[[  164.87644643   -88.37754789   -86.03314869   -19.9036185
   -275.67797994   173.68992831   -15.99099023  -140.6445853
   -120.48306441]
 [ -737.55506102   321.35075394  1293.44453718   103.737721
   -479.36118888  -403.58531512 -1185.09580199  -423.4290698
    116.35903637]
 [ -945.73085564   467.09368264  1529.08916405    12.29013448
   -577.58756774  -605.59336027 -1303.67198622  -245.65448757
    181.91326013]]
[[-5298.70589078 -1869.00518242  8212.63587442  1922.72848489
  -1809.41404439  3535.88806844 -6713.57717243 -4716.41347992
   1889.01399127]
 [-6698.66046743 -2268.55611313 10374.06498806  2342.27413527
  -2137.75126752  4282.55651655 -8515.87058345 -5725.86072593
   2338.6258812 ]
 [-4829.3621634  -1775.97008667  7490.77637626  1804.03759439
  -1798.40242613  3380.16326758 -6080.82102767 -4455.85824084
   1773.67995044]]
[[ -752.93412088  -546.35827502  1396.3626039   -392.39628224
   -564.57188259  1388.76502289 -1676.40962817   308.46461406
    520.58231702]
 [ -744.03768567  -584.99855333  1435.74509826  -352.84086156
   -584.39677781  1473.3062971  -1744.85054486   221.81395235
    573.41004745]
 [ -878.36186186  -508.20916146  1521.4982198   -498.94027225
   -614.63083139  1302.09299463 -1638.04216946   447.12553877
    329.73513595]]
[[  753.89332586   157.44947246 -1015.47985369    10.02565693
    -86.25662363  -429.93764169  1311.15746978  -129.80116915
   -152.16006831]
 [  725.50807709   168.40588471  -943.12972056   -32.35367309
    -37.86408509  -455.51898223  1264.57526461   -85.19997729
   -165.25539509]
 [  787.28479963   138.53998737 -1089.5155105     37.77831291
   -160.29547997  -318.47526039  1373.24909206  -243.14048769
    -98.19471927]]


