M = 12650
variance: 
[ 9.  1. 28.  3.  4.  3. 40. 16.  3.]
[ 9.  1. 29.  3.  4.  4. 41. 16.  3.]
[10.  0. 30.  4.  3.  1. 43. 18.  2.]
min = 0
max = 43


mean: 
[  -5.   28.  174.  -27. -134.   36. -288.  -53.   15.]
[   3.   10.  204.  -22. -111.   59. -336.  -69.   26.]
[  11.   38.  135.  -42. -182.   56. -216.  -74.   14.]
min = -336
max = 204


[[  -6.97440448   27.96296637  178.86160527  -25.11519962 -133.97507864
    36.04877069 -293.89361564  -54.3386783    15.05344407]
 [   2.60762532   11.23754572  207.026356    -20.28183561 -110.49271663
    57.80797578 -340.98391027  -71.50075529   25.85369574]
 [   9.03035896   38.11977732  140.08804719  -41.63283535 -183.21451111
    56.64358156 -222.32490449  -72.37329181   15.63341414]]
[[  -0.54776062   26.41338635  166.68012406  -23.03410566 -136.57300994
    39.41783592 -277.88789906  -57.33844209   16.93817918]
 [   7.13299542    9.21442508  197.74348637  -18.51978751 -113.51417304
    62.66918365 -327.50671756  -73.64922487   28.41809852]
 [  15.91069545   37.81601459  127.67712223  -36.51540325 -184.23043138
    57.47122458 -206.61221754  -80.89974101   16.08513387]]
[[  -4.03022529   28.91442239  173.80411579  -25.69011514 -129.50474381
    35.17552069 -288.31381984  -53.86305268   16.77549993]
 [   3.19436246   11.22968407  205.6043019   -20.79776114 -106.24616118
    59.34823124 -339.02466674  -71.91523952   26.85372625]
 [  13.0264051    38.54765313  133.62707038  -40.88648153 -178.66619638
    57.24707207 -215.91606432  -73.82107512   15.85489557]]
[[  -8.68937075   27.19076095  180.62400113  -27.02157778 -132.97354538
    38.17400893 -294.16313127  -51.35655678   16.84850155]
 [   0.67332207    9.41769664  208.90512641  -22.29793855 -110.16599878
    62.03427609 -340.93834623  -67.67972059   27.3530624 ]
 [   7.30064802   38.83013778  141.9903249   -41.56523778 -182.60648456
    55.65984307 -223.25484925  -72.08175307   15.64620938]]
[[   1.7473354    28.43296114  162.54239392  -25.10591441 -133.43828652
    37.00630512 -273.36181897  -55.69000768   12.90800231]
 [   8.66101378   12.39529658  194.57227871  -20.62649963 -109.44612026
    57.78149576 -323.66842624  -72.33336135   23.70379268]
 [  18.26247048   39.69693342  123.5833788   -39.51081983 -181.33555878
    54.97148246 -201.48822694  -77.4295644    13.18289216]]
[[  -6.13441065   29.66535461  176.76648041  -29.82330712 -136.357742
    32.99504744 -289.26155849  -43.23492943   12.05703221]
 [   5.38158202   12.77023056  201.42920031  -24.94344618 -112.85225366
    55.89258041 -331.19362348  -60.03472958   23.49892578]
 [  12.82864162   39.84358131  133.36399405  -44.20633159 -184.33374934
    53.77934359 -213.1505804   -65.26088459   10.9520444 ]]
[[  -4.98121578   29.07308752  174.86951719  -26.44956226 -133.3905295
    35.36262816 -289.01376467  -52.69661171   17.06331307]
 [   1.67845091   12.31387355  207.62842684  -22.20184617 -110.47546392
    57.16382383 -340.50124299  -69.1153436    27.87965012]
 [  11.52954689   39.28802928  135.81160178  -41.27075814 -181.87447943
    55.72284902 -217.77968931  -72.90727507   15.16096082]]
[[  -7.50305575   26.64526747  178.31662673  -26.17420063 -134.63673531
    37.90600245 -292.33886017  -52.51924444   17.1887254 ]
 [   0.70068955    9.81815546  208.25983134  -21.88618719 -110.80661078
    60.29781978 -340.80997783  -68.50531033   28.39217217]
 [   7.90498052   37.70471825  140.5853829   -40.07760023 -182.64599768
    57.22946372 -221.89926776  -74.59338143   16.03249861]]
[[  -5.92547738   28.44475154  175.7905602   -25.36383842 -130.5577338
    35.79584172 -286.9049178   -53.86174278   16.38109809]
 [  -1.77615191   11.28142452  212.29331866  -22.20044529 -107.08574719
    58.67023889 -341.48415431  -67.51940089   25.44567918]
 [  10.87672032   38.19813544  136.02826134  -40.74172028 -178.91558602
    56.5578585  -215.34555048  -74.37358744   15.0158118 ]]
[[  -4.99344581   27.47663883  174.11642727  -29.74978566 -133.86415766
    37.87476793 -286.8155687   -46.01832242   14.21677501]
 [   6.4172147    10.26492146  198.95034688  -24.98756984 -110.98551624
    61.38902045 -330.26347774  -63.08139701   24.28512678]
 [  10.10829271   38.28637079  137.24958236  -44.04500642 -181.99531975
    57.33428289 -217.67919537  -67.26053515   12.8491047 ]]


