M = 500
variance: 
[ 477.   55. 1246.   37.   49.  208. 1553.  217.  100.]
[ 536.   43. 1371.   56.   73.  209. 1762.  368.  116.]
[ 616.   54. 1596.   55.   27.  208. 1965.  371.   72.]
min = 27
max = 1965


mean: 
[  -3.   28.  170.  -30. -130.   35. -283.  -48.   13.]
[   4.   11.  202.  -25. -107.   60. -334.  -64.   24.]
[  14.   40.  130.  -43. -180.   52. -210.  -70.   11.]
min = -334
max = 202


[[ -39.14521196   34.32722066  230.10976067  -28.13585541 -118.34800069
    28.75611535 -346.75478401  -54.08234278    3.81072046]
 [ -18.88713734   17.27823031  241.80751231  -21.96068486  -89.44967879
    51.92211241 -375.82572524  -73.61784416   13.31667386]
 [ -16.82822184   44.57486495  179.99286698  -41.70418646 -173.11921424
    46.6516787  -258.59478253  -78.62859772    4.17772729]]
[[  32.78649231   22.3796662   114.52839947  -35.40246024 -128.17587562
    54.29785116 -216.83466807  -32.28623264   14.35622748]
 [  48.23492587    4.0573638   134.4949347   -30.07344051 -102.71454827
    82.63685383 -255.67214252  -51.83517329   27.68928696]
 [  55.16580832   33.90762166   64.43998301  -49.859429   -179.01616579
    71.46138597 -135.91533835  -52.18952748    9.38832283]]
[[  -3.10847553   28.9423162   170.01434399  -20.85116055 -142.8783753
    33.55685204 -276.43827517  -70.03621319   28.85032975]
 [   2.37943295   10.74019029  204.8956009   -10.89316123 -120.24431536
    58.96152692 -331.39129835  -95.09667439   41.35965036]
 [  10.11292135   39.32469373  137.67259126  -28.33804891 -188.71227583
    51.3693805  -212.51328869 -108.00528161   26.75505279]]
[[ -26.69013122   19.83089505  210.48262897  -33.49317642 -130.44136323
    49.91293486 -323.68219753  -44.52772526   19.72274379]
 [ -23.56205396    2.93294927  247.6953488   -26.10729338 -109.70820375
    71.27150679 -378.43582649  -68.23000795   30.12915004]
 [ -12.22797044   32.71609929  174.7659044   -45.22967004 -183.61334121
    65.29798908 -256.48269867  -71.21937952   19.48615448]]
[[   9.80790853   29.15562827  152.53987464  -40.28919887 -132.87697196
    28.21026582 -274.01904699  -26.41538323   20.83414666]
 [   7.94105257   12.76750927  198.65710785  -38.2135446  -112.12713063
    49.1610593  -339.02827537  -36.87102136   34.1626503 ]
 [  37.72510274   41.5892609    94.90494206  -54.92868116 -179.75404686
    43.78754568 -182.0060962   -49.45386205   20.72544032]]
[[  32.33515662   40.78886474  115.93277915  -30.06999895 -133.67304165
    19.24880755 -221.19981133  -26.38430386   24.45814539]
 [  38.59606311   18.38699425  149.36415739  -29.2097506  -114.63200026
    54.96825198 -271.74558623  -32.68754641   36.58132867]
 [  51.22584727   49.78560792   70.44038447  -49.3262405  -181.85348565
    40.71692577 -141.70190382  -34.69841555   11.49256663]]
[[ -16.9421037    39.72163858  197.568284    -24.5249203  -117.94166524
    16.41153412 -315.92512068  -50.66873834    8.70142839]
 [  -3.37566406   21.54818581  219.95648928  -25.20759337  -95.43642756
    40.19327431 -356.43164063  -55.27874676   18.02967068]
 [  -0.6548934    53.12876669  158.10764786  -37.34388172 -169.31856851
    30.98604255 -245.02298827  -72.84265742    3.83691972]]
[[-1.23179854e-01  1.70959745e+01  1.60512659e+02 -3.48058481e+01
  -1.30990329e+02  6.30270513e+01 -2.69407568e+02 -5.03898333e+01
   3.79876085e+00]
 [ 1.92605389e+01  1.64525381e-01  1.73501114e+02 -2.89024385e+01
  -1.04997963e+02  8.70530597e+01 -3.02103115e+02 -6.78543558e+01
   1.65725113e+01]
 [ 1.05405092e+01  2.74851934e+01  1.32796734e+02 -4.67518162e+01
  -1.78540913e+02  8.06731800e+01 -2.08859660e+02 -7.59483631e+01
   8.69908729e+00]]
[[  -5.75686876   26.84848794  174.32347125  -21.69884992 -126.4134555
    29.4589818  -297.60198989  -68.85897369   -5.1395357 ]
 [ -19.5607561    10.83043644  238.67627833  -14.26580115 -105.30970459
    49.11253354 -382.27123505  -89.49894615    5.29847228]
 [ -10.92305154   39.83996012  168.50758352  -37.96592125 -175.86709026
    45.49556265 -261.47044745  -81.782878     -3.23042695]]
[[  -6.47142831   29.94030231  175.87022118  -25.40452005 -133.70274508
    36.75582664 -278.46715002  -51.86540352   14.82825488]
 [  -4.6830001    11.81556302  216.95033236  -21.81254025 -109.24114425
    62.16169487 -337.90701454  -65.65968308   25.97889869]
 [  18.05904696   43.33214876  123.11093967  -37.49072441 -182.52721162
    51.22834498 -192.36313543  -74.88099754   13.05278446]]


