M = 10
variance: 
[ 571257. 1464505. 1219397. 1238742.  357141. 3805596. 1542672. 2801135.
  345368.]
[ 445905. 1002760.  875363.  639263.  251442. 2827537.  973257. 1604864.
  207475.]
[ 320550.  538151.  659481.  194165.  151426. 1648537.  676432.  750904.
  260093.]
min = 151426
max = 3805596


mean: 
[ -561.  -428.  1310.  -209.  -138.   181. -1624.   475.  -234.]
[ -473.  -312.  1097.  -129.  -119.    78. -1353.   319.  -200.]
[-309.  -47.  642.  102. -181. -254. -730.  -83.  -76.]
min = -1624
max = 1310


[[-1729.61523738   744.53330147  2815.68334646   380.04316544
   -500.85951202 -1364.74096904 -2621.97130611  -365.26604699
    323.16175655]
 [-1502.67803138   647.51256763  2454.80172848   331.44103526
   -467.74148697 -1214.99869449 -2275.7150657   -320.09261063
    255.73802553]
 [-1091.56113126   620.34192033  1659.97338304   263.63644045
   -403.87785961 -1068.33967541 -1350.04107913  -227.07656218
    200.20876087]]
[[ -830.06721791   458.35849407  1479.38787152   421.7771277
     72.35601996  -974.88579802 -1457.02449333  -710.01638329
    -49.36044582]
 [ -840.0455722    383.99790134  1464.63449539   401.49756601
     83.44539975  -861.8689434  -1424.96240299  -701.03720359
   -109.22533245]
 [ -544.33833859    99.9218441    944.00606295   311.73654473
    105.59422347  -404.60107372  -903.33771378  -544.84935182
   -265.16395246]]
[[ -789.07215056 -2840.57536803  1418.31916608 -1130.14015916
   1105.56797705  4676.48647297 -3200.04695124  2549.18312761
    114.79282565]
 [ -578.14259094 -2489.27785229  1061.14581622  -997.48707873
    934.14084712  4111.82772918 -2620.21033511  2239.40274794
     30.635989  ]
 [ -287.65850659 -1646.76178689   551.97467629  -662.64117667
    509.51154156  2778.11266573 -1576.47656872  1460.70788031
   -100.01839463]]
[[-1106.16042279 -2121.86411306  2564.48941885 -3174.7938929
   -110.45241232  2834.75101109 -3240.36371285  4412.37456573
   -757.73121093]
 [ -666.35663466 -1422.44039493  1642.4840048  -2103.6012132
   -156.3038967   2030.25964262 -2124.69723407  2929.39624008
   -311.21817899]
 [  160.12204383  -131.23565508   -97.0846995   -133.71987255
   -187.71472842   474.6819183     -6.33116489   222.93496079
    458.3341862 ]]
[[  431.91726003   845.69139988   -80.1622656    544.982345
    392.55137008 -2095.88288255    28.14837264 -1289.80579839
   -549.80919052]
 [  392.07300231   799.15559522   -78.922177     473.56184429
    393.74553724 -1991.15526289    55.45571637 -1139.72018716
   -567.27354352]
 [  368.76760465   570.60332866  -238.99982496   276.17977705
    289.36137528 -1485.23741743   298.00995345  -708.22141902
   -423.84537775]]
[[ 275.12881792 -264.48442827   92.37896701  359.51217507 -890.86877331
   103.40195024 -652.4664997   -41.63624747  156.01756085]
 [ 204.01747579 -246.90370776  149.64506553  332.16785542 -697.59037316
    98.11131957 -649.5766898  -102.80533398  132.40620857]
 [  63.62549541 -192.59011887  192.65385009  252.60919162 -279.15020602
    23.6927854  -474.40643219 -153.91532112   42.0387998 ]]
[[  -76.14831343 -1446.40293827  1507.44678247   437.53531906
   -867.1780646    111.97169854 -2070.02329331    88.51419614
  -1661.64210247]
 [  -55.11612593 -1145.43737544  1184.85381537   336.83390845
   -699.07331783   115.61763087 -1628.61533578    82.07412121
  -1326.83141627]
 [ -166.46327459  -915.34798897   984.60546231   286.08609114
   -429.78095431   305.04480183 -1377.92300464   -41.53359312
  -1076.37201796]]
[[-1702.10333271   -52.52490623  2779.68013787  -560.89534486
   -604.77252462  -311.67982941 -2542.46542796  1174.95956107
   -340.3651911 ]
 [-1638.24540679   -89.44954914  2656.4794135   -547.57903075
   -553.72035322  -251.96849202 -2445.24600283  1083.88700058
   -383.52706439]
 [-1498.55913497  -102.42213065  2365.13259815  -488.2385685
   -485.53083998  -238.61491294 -2161.86152495   874.71431821
   -385.78648517]]
[[  243.86346254   496.16072513  -243.42737944   272.66721443
   -303.90121014 -1070.219554     374.5025156   -389.53607529
    283.91074911]
 [  159.2743411    436.93429226  -110.7078661    248.99436079
   -226.63002556  -981.65813545   181.33766945  -428.96156461
    219.11730099]
 [ -312.70269722  1008.89875486   256.26838287   979.45527647
   -888.19444554 -2253.92724804   -11.6122663  -1925.12548786
    908.62906153]]
[[-325.83168044  -90.85082294  775.67981819  367.72492673  334.10364586
   -93.8045262  -851.76432467 -677.25795887  145.02350062]
 [-195.94231991   11.97481539  551.57198503  238.4775584   207.49411413
  -271.44770475 -596.06825101 -449.89663722   62.26438929]
 [ 223.52967948  224.2938022  -194.39833161  -59.51085802  -39.67700462
  -665.48867139  270.68641795  217.10691022 -116.39880942]]


