M = 28396
variance: 
[11.  2. 27.  4.  2.  9. 28. 20.  2.]
[ 9.  2. 23.  2.  1.  8. 25. 14.  2.]
[ 8.  1. 20.  1.  0.  5. 23.  7.  2.]
min = 0
max = 28


mean: 
[ 108.   17.  132.  -83.   54. -215. -233.  221.  -13.]
[  94.   14.  117.  -76.   34. -206. -197.  182.  -46.]
[  61.    7.   72.  -61.    7. -179. -111.  127.  -92.]
min = -233
max = 221


[[ 105.6422906    15.21565886  137.22359482  -81.26699233   56.11507757
  -209.30399699 -236.2544919   221.28693356  -13.38139976]
 [  92.61760207   13.03745537  120.78735026  -75.74008293   35.72859763
  -201.63778521 -198.74725981  182.82649971  -45.82173215]
 [  61.31135578    6.97088726   72.17435766  -60.58213176    8.20512929
  -176.00350745 -108.6368771   129.77335478  -91.71218514]]
[[ 112.48229546   18.35213229  125.29936311  -83.32266181   54.74559697
  -217.47435288 -223.09984599  224.37072258  -14.71208371]
 [  99.07904824   15.44218228  109.81352057  -77.02521296   34.86767348
  -208.36882033 -187.38780675  184.55769164  -47.37738817]
 [  66.77880688    8.94937681   63.67662132  -60.0437217     8.48110516
  -181.90429228 -101.37547633  127.69022713  -93.73792249]]
[[ 107.12083077   17.30624527  134.9352138   -79.23869435   56.4089001
  -214.83666233 -235.02516329  215.43798796  -13.47885627]
 [  93.28342576   14.52638921  119.78566243  -73.39517649   36.17063881
  -206.23306368 -198.68744568  176.29015964  -46.47303295]
 [  59.36392347    7.4089748    75.36987238  -58.24352726    8.93406069
  -179.12725386 -112.76969632  123.01519519  -92.77482351]]
[[ 108.75678815   18.96744471  132.57816479  -82.65244022   53.77879271
  -215.71830135 -236.85169415  222.8904321   -13.73146093]
 [  93.98666179   16.10246128  118.87234997  -76.31674295   33.88901581
  -207.11737038 -201.64123604  183.40446415  -47.41930149]
 [  61.49001454    9.65967684   72.44930636  -60.2993117     7.29821218
  -181.58576545 -112.63395181  128.91257737  -94.28617403]]
[[ 113.5484504    16.82650886  124.6543387   -83.44338146   53.12148932
  -212.58869449 -225.26744501  224.66183253  -12.38717278]
 [  98.4451034    13.87732918  111.71346049  -76.60679586   33.93704528
  -203.81811409 -191.47113359  183.62939646  -44.82350032]
 [  62.71625158    6.84060034   70.37581111  -60.22445353    7.41257437
  -176.79075326 -108.80583906  128.2370734   -90.27541995]]
[[ 108.23721648   20.4520707   133.16969294  -80.60193819   55.76917103
  -220.33402597 -233.93947991  218.75950956  -13.40682342]
 [  94.56902597   17.32022268  117.82407677  -74.79159255   36.25310884
  -210.80646    -197.28656438  180.08070681  -46.53434412]
 [  59.98339101    8.95567271   74.60405935  -60.48211763    9.56697641
  -180.36102827 -112.47510435  129.14657548  -93.66384398]]
[[ 107.60884828   17.81183376  134.83228939  -79.48947299   55.59639366
  -215.30094    -234.26189364  214.61467955  -12.27277156]
 [  95.06448421   14.98048424  117.64638867  -73.58442244   35.36014372
  -206.43995021 -195.77822501  175.95250355  -44.38021069]
 [  63.47058713    7.84479431   69.65970573  -59.01643575    7.65679472
  -178.13825566 -106.12823771  124.63666401  -89.50559789]]
[[ 102.78976811   15.14913013  141.25686649  -86.55196663   52.42908688
  -209.86497143 -238.55635263  229.24423226   -9.96416295]
 [  88.60875451   12.10945773  126.79069182  -79.24983075   33.27704552
  -200.91877311 -203.74300284  187.88256103  -43.12753633]
 [  55.78114026    5.50806067   81.09685765  -62.06775218    7.68556888
  -174.84646101 -118.61240068  131.91858205  -89.88879538]]
[[ 107.89406594   16.83351328  133.62459903  -84.70338748   52.21882044
  -214.3916013  -236.75912354  227.15729703  -11.07317472]
 [  93.1164366    13.50667645  120.00684025  -77.50411275   32.69125906
  -204.57373366 -201.62235551  185.95564262  -44.45150626]
 [  58.49522899    5.39163737   77.00862931  -60.59827776    6.50232025
  -174.92875872 -116.14665574  129.64823282  -90.78212953]]
[[ 113.84660139   17.72892031  125.14653841  -82.20866244   52.99260974
  -215.44680556 -226.0800294   220.3706663    -9.55789734]
 [  99.06546183   14.79079371  111.47425058  -75.25977491   33.67911099
  -206.56743753 -190.9453054   179.56244758  -43.59817324]
 [  63.75019806    7.72487823   69.54429269  -58.91027594    7.435946
  -178.93743408 -107.23560115  124.36674403  -91.10259498]]


