M = 500
variance: 
[ 701.   48. 1964.  184.  137.  235. 2970.  865.  115.]
[ 517.   40. 1390.   96.   82.  249. 2023.  485.  101.]
[ 561.   76. 1386.   50.   56.  444. 1613.  257.  112.]
min = 40
max = 2970


mean: 
[ 113.   17.  123.  -91.   54. -213. -215.  242.  -13.]
[ 102.   13.  102.  -84.   33. -201. -175.  201.  -44.]
[  73.    4.   50.  -66.    4. -171.  -83.  142.  -87.]
min = -215
max = 242


[[ 126.19502019   17.37679519   95.86117235  -91.11065181   55.072674
  -215.79055572 -156.00133365  243.91458047  -16.02226377]
 [ 110.6477307    15.58474654   84.67061505  -82.15215753   30.88739842
  -205.25704719 -129.46111344  199.04325345  -36.77315811]
 [  72.35993392    9.73370137   47.80029604  -63.31300864   -0.29299485
  -175.40815761  -64.59568828  142.32909946  -69.16351717]]
[[ 134.86942917   24.11837188   88.26446141  -62.83388977   45.47920801
  -230.20710961 -194.83789744  178.19737038   -7.09248848]
 [ 125.3733423    17.86423932   67.3477085   -67.6018324    32.71307386
  -215.37138944 -151.52267561  160.01135663  -37.72038458]
 [  94.50028477    9.26768652   19.54159952  -62.94884308   12.73050558
  -186.71569348  -58.17934117  123.98552644  -79.63737929]]
[[ 123.27628705   26.24255578  109.96560475  -89.11395523   45.07856894
  -233.62424611 -206.62913553  234.13032378  -25.6276833 ]
 [ 100.93639867   23.82800765  107.86770655  -84.60156771   28.09677093
  -226.660094   -182.74642383  198.10885965  -58.55000455]
 [  49.91500396   22.58134251   91.23792444  -67.99643045    7.81176458
  -213.23607843 -129.66772974  141.80193093 -101.86241862]]
[[  36.28373525   12.1912584   251.56973729 -101.81290267   53.85647029
  -189.12994303 -368.16485046  270.17947994  -17.81057312]
 [  41.76341037    6.0399788   204.07786618  -93.97621676   32.23217885
  -174.30347537 -297.11962499  228.43937373  -49.7995033 ]
 [  39.34101803   -4.37960107  107.03016712  -74.04771632    2.351168
  -141.27292155 -154.45735307  163.26202641  -93.08291725]]
[[ 127.56861754   15.58137908   97.50609659  -82.8378509    49.26640644
  -208.74357099 -184.8252723   233.36842012  -22.06779248]
 [ 113.72357472   13.51203656   82.49674107  -73.20149047   23.5845074
  -198.88076682 -153.12946257  184.77824254  -52.24006467]
 [  84.72857192    7.30991576   29.6025195   -50.82262938  -11.40669278
  -169.97781704  -62.78636064  115.08085217  -93.73557612]]
[[ 117.73559231   12.95048928  123.31788095  -90.24059997   43.90660544
  -201.31673204 -232.69654099  239.12617497   -3.18308604]
 [ 106.50933252    6.89277059  102.6820142   -80.55530965   24.9252888
  -184.62571082 -188.1046954   193.6538173   -38.87392673]
 [  75.24919482   -1.60088491   53.33334506  -60.95732584   -1.78292876
  -150.99930249  -92.89589552  132.0101986   -87.80951541]]
[[ 118.36746165   12.29214223  111.31884967 -108.75613751   60.28560976
  -208.83024003 -196.37841338  276.94205385   -5.10997815]
 [  89.10356189   12.89928738  120.28501114  -97.27793705   40.3781851
  -206.25408312 -185.89651395  225.87463063  -35.2098761 ]
 [  44.60296145   11.19683707   92.01441682  -75.66907828   13.23142059
  -189.91998659 -118.62833526  161.744231    -77.86521867]]
[[ 122.85113423   12.79595447  109.4115453  -112.531989     47.82896446
  -204.61832173 -201.51142216  284.81332204    6.66906145]
 [ 124.91157354    4.56420629   68.95483608  -98.53572437   28.18293003
  -185.35863745 -140.58395314  229.85908421  -28.61462092]
 [ 110.75906863   -9.07092354   -6.42894705  -71.64244672    0.3524922
  -144.43404196  -26.67023913  150.11494167  -74.68618883]]
[[ 114.97656163    8.75517005  118.40901362  -81.88336996   57.93128845
  -195.48643872 -191.80395464  218.77390775   -7.03556261]
 [ 102.55422509    7.89289424  101.1187475   -74.97406265   36.41062617
  -190.71061291 -154.15953159  178.96339456  -39.26451419]
 [  61.24499717    3.25227608   67.91604505  -61.42656591    8.67487403
  -170.89993917  -86.47069607  132.65845677  -83.09860089]]
[[ 110.31616876   31.26589059  126.20901676  -88.39669561   85.70763138
  -235.6204504  -214.61278145  249.80284078  -29.31942912]
 [ 110.59564063   21.68226468   89.85278448  -84.41734582   56.52649914
  -216.7657943  -158.93113804  213.50399853  -59.77723369]
 [ 104.29191257   -1.40623516    2.22933036  -70.15561547   11.74581766
  -164.10683957  -28.82336823  162.91118977 -101.14832423]]


