M = 1000
variance: 
[ 686.  142. 1603.    9.   97.  475. 1994.  121.   47.]
[ 541.   89. 1256.   10.   73.  305. 1568.  115.   41.]
[292.  34. 686.  31.  31. 156. 810. 191.  42.]
min = 9
max = 1994


mean: 
[ 112.   15.  126.  -84.   51. -213. -222.  226.  -10.]
[  97.   13.  112.  -77.   31. -205. -187.  185.  -43.]
[  62.    7.   70.  -60.    4. -178. -104.  129.  -90.]
min = -222
max = 226


[[ 127.25588442   24.54599638  104.8778775   -86.26556749   55.69549416
  -222.34953653 -197.04430078  234.96505497   -1.39394654]
 [ 106.24723845   19.1384354    99.6871052   -72.39276197   34.51761723
  -208.58037625 -169.70348413  181.3879691   -39.51364192]
 [  68.26692923    5.18047362   59.44216103  -49.44032098    3.62925454
  -167.29381168  -86.84164584  114.2183322   -92.06525158]]
[[ 112.44006979   22.18183862  128.97575473  -78.07150153   53.46563596
  -229.98563173 -225.99740644  207.78228339  -12.51898703]
 [  95.21054702   19.74452523  120.54424927  -70.50038238   34.83146047
  -222.63588775 -196.51794788  166.5318779   -44.819638  ]
 [  56.69535813   13.83518122   84.83045758  -54.8752261     8.47058011
  -196.77736994 -119.15969765  113.17809255  -89.88017199]]
[[ 111.25427294   11.29710128  127.53716341  -84.39951054   62.61708371
  -198.51734948 -221.30135054  235.09894446  -13.93864958]
 [  93.20210126   11.15743974  118.19121197  -81.99887817   38.11096716
  -194.98089658 -190.17941486  201.9052825   -47.44476728]
 [  49.57472345    5.53638077   87.00851594  -70.9621311     2.31092581
  -172.63213587 -117.17461602  155.76279388  -96.152201  ]]
[[ 152.7877794    17.18300824   57.5290504   -80.92091748   37.71350313
  -222.13845449 -135.53466365  206.00211578  -14.01241724]
 [ 131.1820525    16.49699293   55.88626733  -74.75576745   18.52187051
  -214.28459534 -114.56749111  168.87822065  -42.31381987]
 [  79.16735256   14.1562643    42.17211456  -57.21704152   -4.16132937
  -191.36373012  -64.37701075  116.3296719   -83.51420984]]
[[  69.06010301   16.66024713  190.38727537  -81.99474853   52.90141826
  -218.6572048  -290.08651979  223.13097498   -8.22400768]
 [  62.94663502   14.93552572  162.98964206  -76.07806598   31.75043889
  -209.75045371 -240.33659488  185.7806911   -38.63136901]
 [  40.34962965    9.36257668  102.34506173  -57.414092      6.23367588
  -181.84556594 -136.52246232  125.97447578  -82.32386007]]
[[ 156.6117125    39.63504569   62.19689518  -80.4686382    71.87957944
  -247.95410096 -156.12914971  225.32227695  -24.83349226]
 [ 143.69010876   31.84648789   43.9325284   -77.14869149   50.22888144
  -229.43019468 -116.85979657  194.34071529  -58.20689315]
 [ 101.1777733    15.14012109   10.90326859  -65.55119257   18.03792257
  -184.92727976  -46.16066158  150.9822798  -103.87983524]]
[[  84.08813448   -7.17829452  165.06833475  -87.7321673    47.77034863
  -164.87304552 -255.98485262  240.47178815  -13.08607611]
 [  71.68729246   -4.15524418  148.81368911  -80.69213556   28.46447484
  -166.51622477 -220.75427671  197.30705865  -45.02794121]
 [  44.77905579   -1.40903095   95.00158695  -61.94927515    4.61021703
  -156.5063518  -130.62252835  136.09114793  -90.69356154]]
[[ 102.98578717    6.5618584   140.55103285  -85.88517788   44.48408036
  -198.35830783 -240.70690757  230.15343903   -5.53501448]
 [  89.8297859     4.58821361  124.67650587  -76.57503075   25.28204008
  -189.59966775 -203.40405144  185.55236875  -38.32986507]
 [  56.71012728   -1.98146953   79.58907606  -57.99640099   -1.36753966
  -159.17310262 -115.21435509  126.27616379  -83.22321517]]
[[  95.56611339   21.47141405  156.45708422  -85.52409989   52.97186965
  -223.14743574 -256.11189991  235.17559833   -2.58526382]
 [  88.88772158   18.76815321  128.57660013  -75.99180302   32.38141848
  -213.00809493 -204.60443448  187.93893816  -34.92855689]
 [  68.11462222   11.95876648   61.18170018  -57.53984459    5.85969059
  -180.95463115  -92.87040456  124.83520409  -83.65195763]]
[[ 109.74395367    7.38797215  128.05581958  -86.69968484   38.80178327
  -198.77922528 -235.7535799   225.87298458   -2.80705349]
 [  89.92421398    6.47116918  123.6265505   -78.20411763   21.46305645
  -192.68522941 -210.50445386  182.16377788  -36.96556884]
 [  55.71086937    7.20815981   81.6169057   -59.90399862    3.36971219
  -180.40852026 -125.78868999  126.6165818   -87.90155205]]


