M = 200
variance: 
[ 3896.   188.  9849.   325.   235.  1021. 13515.  1595.    82.]
[2633.  167. 6604.  240.  205.  898. 8600. 1308.   88.]
[1522.  231. 3735.  121.  202.  816. 3652.  642.  177.]
min = 82
max = 13515


mean: 
[  96.   24.  153.  -87.   58. -227. -258.  223.   -7.]
[  87.   20.  128.  -79.   37. -215. -210.  184.  -49.]
[  58.   10.   75.  -63.    7. -181. -114.  134. -106.]
min = -258
max = 223


[[ 158.43444607   42.77066747   61.12956503  -71.61218237   36.24252917
  -260.98536031 -162.71444202  177.82832959  -19.8033519 ]
 [ 144.75232613   40.30864968   43.91422944  -65.01295921   13.9322355
  -250.94116035 -122.12606074  151.44243101  -56.73474427]
 [  97.75380232   32.69163408   20.29606206  -53.10818171  -21.48993803
  -215.38060654  -61.77639758  123.01952877 -106.89518315]]
[[ 181.2058877    19.54809334   18.26465776  -71.75925542   56.41954489
  -201.72882728  -92.40573418  194.68261426   -6.58292733]
 [ 147.16652114   14.64641884   35.22170085  -68.58517037   42.63135202
  -192.99735874  -94.26344992  154.71143625  -39.11354203]
 [  90.65560708    9.00099032   24.70255507  -57.99673542   11.67103214
  -169.47923649  -54.64342993  107.71458102  -87.75795941]]
[[  25.2334939    24.93837833  259.49472311  -97.00166502   87.69783124
  -232.07399068 -384.97315278  277.15922568  -10.81002604]
 [  28.10146268   18.20052893  218.37355835  -94.34858997   64.12470423
  -217.80626814 -319.34572805  239.99078821  -55.56053284]
 [  21.07937382   -2.56575454  131.02266353  -78.16206872   24.36954197
  -165.84449179 -178.39741292  174.85530435 -117.65730227]]
[[ 119.08939807   13.47927035  117.7478195   -97.41018599   67.22367965
  -186.93849231 -187.66337675  252.27193702    3.93672944]
 [ 103.11283554    4.78125847  102.34520846  -79.13687214   39.8422082
  -165.36218098 -150.53120506  194.79611029  -41.75714052]
 [  55.34506696  -10.0961816    76.90317671  -56.52461443    3.33182766
  -120.39649231  -95.96259138  137.7693067  -101.52718056]]
[[  41.20363512   35.3988078   244.5111062   -76.42555131   62.6306876
  -258.70730186 -356.06867261  194.42246772   -6.03178968]
 [  23.72882857   32.12556599  234.23876576  -64.15115157   37.59400938
  -249.35595081 -319.4878317   146.13305092  -44.87637413]
 [  -8.33262983   26.59452743  186.21589699  -44.40236076    1.40480498
  -220.38737987 -223.11092943   89.16755276 -101.18514429]]
[[  99.0205369    41.84911084  154.94073045  -83.78414399   53.2014854
  -261.86198563 -270.9150434   204.53917327  -20.74162912]
 [  90.52059813   35.03984033  128.48745986  -76.35017801   36.18780948
  -243.89471078 -217.11857227  166.86590955  -62.67971232]
 [  47.2677375    22.23280938   95.35673508  -64.69339876   16.99472619
  -202.64448947 -137.5986824   128.7000104  -119.39126537]]
[[  83.46422577   -1.41439248  153.8135885   -84.15553653   71.80306049
  -203.33515914 -211.76186454  218.81610184    6.23060269]
 [  74.77550453   -4.11920272  135.1827965   -81.20115661   50.93023663
  -193.34299789 -177.10654522  185.86463167  -29.15142481]
 [  44.05705931  -13.04899416   93.20384813  -71.99699539   25.78786401
  -157.12537445 -104.86799488  149.52758411  -83.30145692]]
[[  10.37118198   13.46290877  289.96635626 -133.41648081   46.66140588
  -183.86513246 -414.73823749  309.72549905  -11.7105495 ]
 [  28.85903297   18.60047522  218.5693982  -117.47422694   24.34229391
  -188.58002978 -309.74222882  260.73925367  -53.82519887]
 [  33.13659939   25.72113376  110.59502757  -82.11767131   -7.48967078
  -182.94576164 -140.8375622   174.54577478 -108.08138027]]
[[  50.76173224   38.28099479  239.93103111  -80.90001566   35.41614717
  -267.50196935 -390.10596079  204.28823012    4.81281587]
 [  63.45563898   26.83432266  182.12496921  -72.53358886   18.8304569
  -247.1654434  -304.31394708  168.60432349  -51.59365253]
 [  76.5150669     4.7008619    64.44862939  -61.47495682   -1.59221746
  -196.59148735 -132.80120755  132.55734639 -128.94304198]]
[[ 194.57228409   21.66973844   -3.93900265  -70.91092969   64.16753743
  -204.16669711 -104.22795911  206.21809977   -8.32920729]
 [ 173.92450039   18.56500395  -10.10478726  -68.50172101   44.62798337
  -192.04297021  -77.94262379  175.9642953   -46.66429494]
 [ 132.48926949   13.33228764  -44.16861152  -57.81022914   17.18893909
  -170.16042154   -3.58858104  130.51693791  -99.89914778]]


