M = 14198
variance: 
[ 46.   2. 118.   6.   2.  17. 181.  24.  10.]
[ 35.   2.  89.   4.   2.  16. 130.  18.   5.]
[19.  2. 49.  3.  2. 11. 59. 14.  4.]
min = 2
max = 181


mean: 
[ 112.   17.  126.  -82.   54. -216. -225.  219.  -12.]
[  98.   14.  111.  -75.   35. -206. -190.  180.  -45.]
[  64.    6.   67.  -60.    9. -177. -104.  126.  -91.]
min = -225
max = 219


[[ 119.99308581   15.63839755  113.42654778  -85.31847681   57.36699292
  -208.51386004 -205.64007875  228.82305426  -11.04850995]
 [ 103.9350961    12.3373176   102.13911243  -78.02083574   37.93397794
  -199.18525612 -174.76300196  186.82126345  -44.06463768]
 [  67.02314424    5.55640577   62.95576544  -60.78434346   10.81060959
  -172.9072829   -97.15161585  129.57882661  -90.30983316]]
[[ 109.24418579   15.88027949  132.30873887  -85.7774118    53.67427503
  -210.77222636 -226.75272684  228.32407021   -6.5241524 ]
 [  94.84860769   12.21787301  117.60954172  -78.57334769   34.42064362
  -200.55596732 -191.27171031  187.15120721  -41.09883541]
 [  60.7652926     3.68147708   73.06043201  -61.67891077    7.55208343
  -170.27807316 -107.02015061  131.13980179  -90.1244179 ]]
[[ 108.69359805   17.28138387  132.40077368  -78.19424486   55.63146198
  -213.48616008 -232.25280244  214.26267403  -13.67447566]
 [  95.58201467   14.24106123  116.19130963  -72.9873212    36.20927772
  -204.49954511 -194.67741488  175.94762132  -46.2043151 ]
 [  64.23834673    6.51922889   67.80251969  -58.87937212    9.94146868
  -176.30993017 -104.57297904  125.1770946   -92.34090126]]
[[ 114.44523912   15.2421561   123.56996701  -81.72339689   55.07301485
  -210.55038965 -217.64572099  221.40560966   -7.30067631]
 [  98.88077315   12.6040872   110.95991417  -75.01769826   36.1996541
  -201.64327884 -184.45207453  179.86535041  -40.26694774]
 [  63.12552405    6.5578063    69.18576725  -59.04080167   10.18014774
  -176.02995509 -103.99058074  124.16321997  -86.09203998]]
[[ 104.69702117   17.53426165  138.10111126  -78.81886876   55.36309865
  -214.26403251 -240.60940208  216.02908481  -14.06183772]
 [  92.52753148   14.38962829  120.48847039  -72.83831114   35.77621358
  -204.38066814 -201.73773595  176.34985619  -45.19487919]
 [  62.50981884    7.01524123   70.12333758  -57.92772487    9.33787319
  -175.13444374 -108.30994744  124.26510401  -89.34137622]]
[[ 113.11000666   19.59619625  125.0514415   -80.95088828   50.99340491
  -221.15954184 -225.9690422   219.15344173   -9.05818147]
 [  99.64894411   16.21544018  109.22734468  -75.20261323   32.16700678
  -210.65589285 -188.56647302  180.28961252  -43.82410398]
 [  65.30731067    8.46834352   66.025257    -59.54540673    7.7281385
  -180.09174194 -103.66664903  126.11543419  -93.18037896]]
[[  98.77695435   17.74659086  147.55015782  -80.09445036   55.99885968
  -216.40996488 -250.55940932  217.3036342   -13.4868089 ]
 [  87.16859737   14.50853567  129.21459172  -74.82648713   37.56763896
  -206.99845514 -210.64290835  179.46608086  -45.52884476]
 [  54.90178478    6.28077138   83.02430787  -59.93564492   13.16803953
  -177.41071764 -121.61666984  126.57348827  -89.86776824]]
[[ 120.11229714   19.5797357   114.14112147  -78.35267678   54.61156284
  -220.81365514 -211.6361103   215.4089225   -11.07963209]
 [ 106.41091836   16.57746283   98.87284711  -72.07685791   34.56755696
  -211.54223439 -175.48632928  175.28202977  -43.41800643]
 [  70.90872786    9.38492922   57.02878485  -56.85120836    8.16980318
  -183.5309327   -92.61590588  121.92514608  -89.10705026]]
[[ 121.09163867   19.01013327  112.34415912  -79.98036602   55.69267405
  -219.71393317 -209.5605396   216.7435104   -11.68695026]
 [ 106.92733538   15.25599505   97.96984905  -73.18111666   35.85851529
  -209.27662674 -174.60946953  176.36256073  -44.85353771]
 [  69.96301474    6.12373322   58.90854999  -57.27097446    8.79538296
  -177.84803926  -95.27581022  122.76184179  -91.68122633]]
[[ 111.11564043   17.74267969  127.22007779  -81.84490214   52.96832778
  -215.36897778 -229.26774911  221.92180362  -18.20589323]
 [  97.24564453   14.40429335  112.87291464  -76.77200223   33.65202904
  -205.51891302 -194.13636831  184.47177804  -48.74325357]
 [  65.85363091    6.32862363   65.17187432  -62.70660461    7.52988791
  -176.06484151 -104.30040084  134.75314179  -92.98127056]]


